YEAR            MONTH        DAY        HOUR      MINUTE   N_Cluster         LON         LAT       IND_X       IND_Y     REFLECT   yyyyy_xx1   yyyyy_xx2 yyyyyyy_xx3     yyy_xx4     yyy_xx5       RIVER         CXE    PRECIPIT         VIL
2014.0000      2.0000      1.0000      0.0000      0.0000      3.0000    -60.6314     -1.6689     88.0000     46.0000     20.2031      0.0000      0.0000      0.0000      0.0000      0.0000      0.0000      1.0000      0.8128      0.1902
2014.0000      2.0000      1.0000      0.0000      0.0000      3.0000    -60.5514     -1.6689     92.0000     46.0000     20.7031      0.0000      0.0000      0.0000      0.0000      0.0000      0.0000      1.0000      0.8776      0.3290
2014.0000      2.0000      1.0000      0.0000      0.0000      3.0000    -60.5314     -1.6689     93.0000     46.0000     20.7031      0.0000      0.0000      0.0000      0.0000      0.0000      0.0000      1.0000      0.8776      0.3288
2014.0000      2.0000      1.0000      0.0000      0.0000      3.0000    -60.6714     -1.6889     86.0000     47.0000     21.2031      0.0000      0.0000      0.0000      0.0000      0.0000      0.0000      1.0000      0.9477      0.1914
2014.0000      2.0000      1.0000      0.0000      0.0000      3.0000    -60.6514     -1.6889     87.0000     47.0000     21.2031      0.0000      0.0000      0.0000      0.0000      0.0000      0.0000      1.0000      0.9477      0.1922
2014.0000      2.0000      1.0000      0.0000      0.0000      3.0000    -60.6314     -1.6889     88.0000     47.0000     20.9531      0.0000      0.0000      0.0000      0.0000      0.0000      0.0000      1.0000      0.9120      0.1983
2014.0000      2.0000      1.0000      0.0000      0.0000      3.0000    -60.6114     -1.6889     89.0000     47.0000     21.4375      0.0000      0.0000      0.0000      0.0000      0.0000      0.0000      1.0000      0.9824      0.3499
2014.0000      2.0000      1.0000      0.0000      0.0000      3.0000    -60.5914     -1.6889     90.0000     47.0000     21.4375      0.0000      0.0000      0.0000      0.0000      0.0000      0.0000      1.0000      0.9824      0.3488
2014.0000      2.0000      1.0000      0.0000      0.0000      3.0000    -60.5714     -1.6889     91.0000     47.0000     20.4531      0.0000      0.0000      0.0000      0.0000      0.0000      0.0000      1.0000      0.8446      0.3332
2014.0000      2.0000      1.0000      0.0000      0.0000      3.0000    -60.5514     -1.6889     92.0000     47.0000     20.9844      0.0000      0.0000      0.0000      0.0000      0.0000      0.0000      1.0000      0.9164      0.3355
2014.0000      2.0000      1.0000      0.0000      0.0000      3.0000    -60.5314     -1.6889     93.0000     47.0000     20.2344      0.0000      0.0000      0.0000      0.0000      0.0000      0.0000      1.0000      0.8167      0.3218
2014.0000      2.0000      1.0000      0.0000      0.0000      3.0000    -60.6514     -1.7089     87.0000     48.0000     20.2031      0.0000      0.0000      0.0000      0.0000      0.0000      0.0000      1.0000      0.8128      0.1473
2014.0000      2.0000      1.0000      0.0000      0.0000      3.0000    -60.6314     -1.7089     88.0000     48.0000     20.9375      0.0000      0.0000      0.0000      0.0000      0.0000      0.0000      1.0000      0.9098      0.3389
2014.0000      2.0000      1.0000      0.0000      0.0000      3.0000    -60.6114     -1.7089     89.0000     48.0000     20.6094      0.0000      0.0000      0.0000      0.0000      0.0000      0.0000      1.0000      0.8651      0.3316
2014.0000      2.0000      1.0000      0.0000      0.0000      3.0000    -60.5914     -1.7089     90.0000     48.0000     22.7344      0.0000      0.0000      0.0000      0.0000      0.0000      0.0000      1.0000      1.1988      0.3789
2014.0000      2.0000      1.0000      0.0000      0.0000      3.0000    -60.5714     -1.7089     91.0000     48.0000     22.7500      0.0000      0.0000      0.0000      0.0000      0.0000      0.0000      1.0000      1.2016      0.3733
2014.0000      2.0000      1.0000      0.0000      0.0000      3.0000    -60.5514     -1.7089     92.0000     48.0000     22.5000      0.0000      0.0000      0.0000      0.0000      0.0000      0.0000      1.0000      1.1564      0.3599
2014.0000      2.0000      1.0000      0.0000      0.0000      3.0000    -60.5314     -1.7089     93.0000     48.0000     20.4531      0.0000      0.0000      0.0000      0.0000      0.0000      0.0000      1.0000      0.8446      0.2558
2014.0000      2.0000      1.0000      0.0000      0.0000      3.0000    -60.5114     -1.7089     94.0000     48.0000     20.0781      0.0000      0.0000      0.0000      0.0000      0.0000      0.0000      1.0000      0.7974      0.2433
2014.0000      2.0000      1.0000      0.0000      0.0000      3.0000    -60.4914     -1.7089     95.0000     48.0000     20.4531      0.0000      0.0000      0.0000      0.0000      0.0000      0.0000      1.0000      0.8446      0.1520
2014.0000      2.0000      1.0000      0.0000      0.0000      3.0000    -60.6514     -1.7289     87.0000     49.0000     20.4531      0.0000      0.0000      0.0000      0.0000      0.0000      0.0000      1.0000      0.8446      0.1522
2014.0000      2.0000      1.0000      0.0000      0.0000      3.0000    -60.6314     -1.7289     88.0000     49.0000     20.4531      0.0000      0.0000      0.0000      0.0000      0.0000      0.0000      1.0000      0.8446      0.3236
2014.0000      2.0000      1.0000      0.0000      0.0000      3.0000    -60.6114     -1.7289     89.0000     49.0000     21.4688      0.0000      0.0000      0.0000      0.0000      0.0000      0.0000      1.0000      0.9871      0.3374
2014.0000      2.0000      1.0000      0.0000      0.0000      3.0000    -60.5914     -1.7289     90.0000     49.0000     24.4219      0.0000      0.0000      0.0000      0.0000      0.0000      0.0000      2.0000      2.2879      0.3395
2014.0000      2.0000      1.0000      0.0000      0.0000      3.0000    -60.5714     -1.7289     91.0000     49.0000     24.6875      0.0000      0.0000      0.0000      0.0000      0.0000      0.0000      2.0000      2.3851      0.3916
2014.0000      2.0000      1.0000      0.0000      0.0000      3.0000    -60.5514     -1.7289     92.0000     49.0000     23.2344      0.0000      0.0000      0.0000      0.0000      0.0000      0.0000      1.0000      1.2944      0.3540
2014.0000      2.0000      1.0000      0.0000      0.0000      3.0000    -60.5314     -1.7289     93.0000     49.0000     21.4844      0.0000      0.0000      0.0000      0.0000      0.0000      0.0000      1.0000      0.9895      0.3005
2014.0000      2.0000      1.0000      0.0000      0.0000      3.0000    -60.5114     -1.7289     94.0000     49.0000     22.0000      0.0000      0.0000      0.0000      0.0000      0.0000      0.0000      1.0000      1.0710      0.3114
2014.0000      2.0000      1.0000      0.0000      0.0000      3.0000    -60.4914     -1.7289     95.0000     49.0000     22.1875      0.0000      0.0000      0.0000      0.0000      0.0000      0.0000      1.0000      1.1022      0.3038
2014.0000      2.0000      1.0000      0.0000      0.0000      3.0000    -60.6514     -1.7489     87.0000     50.0000     20.7031      0.0000      0.0000      0.0000      0.0000      0.0000      0.0000      1.0000      0.8776      0.1573
2014.0000      2.0000      1.0000      0.0000      0.0000      3.0000    -60.6314     -1.7489     88.0000     50.0000     20.1875      0.0000      0.0000      0.0000      0.0000      0.0000      0.0000      1.0000      0.8109      0.1472
2014.0000      2.0000      1.0000      0.0000      0.0000      3.0000    -60.6114     -1.7489     89.0000     50.0000     20.3594      0.0000      0.0000      0.0000      0.0000      0.0000      0.0000      1.0000      0.8325      0.2434
2014.0000      2.0000      1.0000      0.0000      0.0000      3.0000    -60.5914     -1.7489     90.0000     50.0000     20.4688      0.0000      0.0000      0.0000      0.0000      0.0000      0.0000      1.0000      0.8466      0.2566
2014.0000      2.0000      1.0000      0.0000      0.0000      3.0000    -60.5714     -1.7489     91.0000     50.0000     23.9219      0.0000      0.0000      0.0000      0.0000      0.0000      0.0000      1.0000      1.4385      0.3757
2014.0000      2.0000      1.0000      0.0000      0.0000      3.0000    -60.5514     -1.7489     92.0000     50.0000     24.3125      0.0000      0.0000      0.0000      0.0000      0.0000      0.0000      1.0000      1.5274      0.3840
2014.0000      2.0000      1.0000      0.0000      0.0000      3.0000    -60.5314     -1.7489     93.0000     50.0000     24.2188      0.0000      0.0000      0.0000      0.0000      0.0000      0.0000      1.0000      1.5055      0.3691
2014.0000      2.0000      1.0000      0.0000      0.0000      3.0000    -60.5114     -1.7489     94.0000     50.0000     25.1406      0.0000      0.0000      0.0000      0.0000      0.0000      0.0000      2.0000      2.5605      0.4048
2014.0000      2.0000      1.0000      0.0000      0.0000      3.0000    -60.4914     -1.7489     95.0000     50.0000     22.7344      0.0000      0.0000      0.0000      0.0000      0.0000      0.0000      1.0000      1.1988      0.3437
2014.0000      2.0000      1.0000      0.0000      0.0000      3.0000    -60.4714     -1.7489     96.0000     50.0000     24.7188      0.0000      0.0000      0.0000      0.0000      0.0000      0.0000      1.0000      1.6256      0.3105
2014.0000      2.0000      1.0000      0.0000      0.0000      3.0000    -60.5914     -1.7689     90.0000     51.0000     20.8750      0.0000      0.0000      0.0000      0.0000      0.0000      0.0000      1.0000      0.9011      0.2388
2014.0000      2.0000      1.0000      0.0000      0.0000      3.0000    -60.5714     -1.7689     91.0000     51.0000     21.7031      0.0000      0.0000      0.0000      0.0000      0.0000      0.0000      1.0000      1.0233      0.3072
2014.0000      2.0000      1.0000      0.0000      0.0000      3.0000    -60.5514     -1.7689     92.0000     51.0000     22.8281      0.0000      0.0000      0.0000      0.0000      0.0000      0.0000      1.0000      1.2161      0.3272
2014.0000      2.0000      1.0000      0.0000      0.0000      3.0000    -60.5314     -1.7689     93.0000     51.0000     26.5156      0.0000      0.0000      0.0000      0.0000      0.0000      0.0000      2.0000      3.1759      0.4472
2014.0000      2.0000      1.0000      0.0000      0.0000      3.0000    -60.5114     -1.7689     94.0000     51.0000     25.5000      0.0000      0.0000      0.0000      0.0000      0.0000      0.0000      2.0000      2.7088      0.4294
2014.0000      2.0000      1.0000      0.0000      0.0000      3.0000    -60.4914     -1.7689     95.0000     51.0000     24.0938      0.0000      0.0000      0.0000      0.0000      0.0000      0.0000      1.0000      1.4769      0.3003
2014.0000      2.0000      1.0000      0.0000      0.0000      3.0000    -60.4714     -1.7689     96.0000     51.0000     24.3125      0.0000      0.0000      0.0000      0.0000      0.0000      0.0000      1.0000      1.5274      0.3020
2014.0000      2.0000      1.0000      0.0000      0.0000      3.0000    -60.5914     -1.7889     90.0000     52.0000     20.9062      0.0000      0.0000      0.0000      0.0000      0.0000      0.0000      1.0000      0.9054      0.1620
2014.0000      2.0000      1.0000      0.0000      0.0000      3.0000    -60.5714     -1.7889     91.0000     52.0000     20.7969      0.0000      0.0000      0.0000      0.0000      0.0000      0.0000      1.0000      0.8904      0.2276
2014.0000      2.0000      1.0000      0.0000      0.0000      3.0000    -60.5514     -1.7889     92.0000     52.0000     21.8594      0.0000      0.0000      0.0000      0.0000      0.0000      0.0000      1.0000      1.0481      0.2469
2014.0000      2.0000      1.0000      0.0000      0.0000      3.0000    -60.5314     -1.7889     93.0000     52.0000     21.8750      0.0000      0.0000      0.0000      0.0000      0.0000      0.0000      1.0000      1.0506      0.2371
2014.0000      2.0000      1.0000      0.0000      0.0000      3.0000    -60.5114     -1.7889     94.0000     52.0000     21.0156      0.0000      0.0000      0.0000      0.0000      0.0000      0.0000      1.0000      0.9208      0.2311
2014.0000      2.0000      1.0000      0.0000      0.0000      3.0000    -60.4914     -1.7889     95.0000     52.0000     20.9375      0.0000      0.0000      0.0000      0.0000      0.0000      0.0000      1.0000      0.9098      0.2305
2014.0000      2.0000      1.0000      0.0000      0.0000      3.0000    -60.5514     -1.8089     92.0000     53.0000     21.6562      0.0000      0.0000      0.0000      0.0000      0.0000      0.0000      1.0000      1.0159      0.1783
2014.0000      2.0000      1.0000      0.0000     12.0000      1.0000    -60.5514     -1.6689     92.0000     46.0000     21.2031      0.0000      0.0000      0.0000      0.0000      0.0000      0.0000      1.0000      0.9477      0.1680
2014.0000      2.0000      1.0000      0.0000     12.0000      1.0000    -60.5314     -1.6689     93.0000     46.0000     21.2031      0.0000      0.0000      0.0000      0.0000      0.0000      0.0000      1.0000      0.9477      0.1680
2014.0000      2.0000      1.0000      0.0000     12.0000      1.0000    -60.5714     -1.6889     91.0000     47.0000     21.3594      0.0000      0.0000      0.0000      0.0000      0.0000      0.0000      1.0000      0.9707      0.2305
2014.0000      2.0000      1.0000      0.0000     12.0000      1.0000    -60.5514     -1.6889     92.0000     47.0000     21.7500      0.0000      0.0000      0.0000      0.0000      0.0000      0.0000      1.0000      1.0306      0.2357
2014.0000      2.0000      1.0000      0.0000     12.0000      1.0000    -60.5314     -1.6889     93.0000     47.0000     20.9844      0.0000      0.0000      0.0000      0.0000      0.0000      0.0000      1.0000      0.9164      0.2228
2014.0000      2.0000      1.0000      0.0000     12.0000      1.0000    -60.5714     -1.7089     91.0000     48.0000     21.3125      0.0000      0.0000      0.0000      0.0000      0.0000      0.0000      1.0000      0.9637      0.2476
2014.0000      2.0000      1.0000      0.0000     12.0000      1.0000    -60.5514     -1.7089     92.0000     48.0000     20.3281      0.0000      0.0000      0.0000      0.0000      0.0000      0.0000      1.0000      0.8285      0.2126
2014.0000      2.0000      1.0000      0.0000     12.0000      1.0000    -60.5314     -1.7089     93.0000     48.0000     20.7031      0.0000      0.0000      0.0000      0.0000      0.0000      0.0000      1.0000      0.8776      0.2271
2014.0000      2.0000      1.0000      0.0000     12.0000      1.0000    -60.5514     -1.7289     92.0000     49.0000     20.4375      0.0000      0.0000      0.0000      0.0000      0.0000      0.0000      1.0000      0.8426      0.2257
2014.0000      2.0000      1.0000      0.0000     12.0000      1.0000    -60.5314     -1.7289     93.0000     49.0000     20.7344      0.0000      0.0000      0.0000      0.0000      0.0000      0.0000      1.0000      0.8819      0.2224
2014.0000      2.0000      1.0000      0.0000     12.0000      1.0000    -60.5114     -1.7289     94.0000     49.0000     20.7031      0.0000      0.0000      0.0000      0.0000      0.0000      0.0000      1.0000      0.8776      0.2185
2014.0000      2.0000      1.0000      0.0000     12.0000      1.0000    -60.4914     -1.7289     95.0000     49.0000     20.7031      0.0000      0.0000      0.0000      0.0000      0.0000      0.0000      1.0000      0.8776      0.2169
2014.0000      2.0000      1.0000      0.0000     12.0000      1.0000    -60.5714     -1.7489     91.0000     50.0000     21.1250      0.0000      0.0000      0.0000      0.0000      0.0000      0.0000      1.0000      0.9364      0.2301
2014.0000      2.0000      1.0000      0.0000     12.0000      1.0000    -60.5514     -1.7489     92.0000     50.0000     21.6406      0.0000      0.0000      0.0000      0.0000      0.0000      0.0000      1.0000      1.0135      0.2455
2014.0000      2.0000      1.0000      0.0000     12.0000      1.0000    -60.5314     -1.7489     93.0000     50.0000     21.5938      0.0000      0.0000      0.0000      0.0000      0.0000      0.0000      1.0000      1.0062      0.2934
2014.0000      2.0000      1.0000      0.0000     12.0000      1.0000    -60.5114     -1.7489     94.0000     50.0000     20.9844      0.0000      0.0000      0.0000      0.0000      0.0000      0.0000      1.0000      0.9164      0.2747
2014.0000      2.0000      1.0000      0.0000     12.0000      1.0000    -60.5714     -1.7689     91.0000     51.0000     21.0781      0.0000      0.0000      0.0000      0.0000      0.0000      0.0000      1.0000      0.9296      0.2872
2014.0000      2.0000      1.0000      0.0000     12.0000      1.0000    -60.5514     -1.7689     92.0000     51.0000     20.8438      0.0000      0.0000      0.0000      0.0000      0.0000      0.0000      1.0000      0.8968      0.2886
2014.0000      2.0000      1.0000      0.0000     12.0000      1.0000    -60.5314     -1.7689     93.0000     51.0000     21.4844      0.0000      0.0000      0.0000      0.0000      0.0000      0.0000      1.0000      0.9895      0.2511
2014.0000      2.0000      1.0000      0.0000     12.0000      1.0000    -60.5714     -1.7889     91.0000     52.0000     20.4375      0.0000      0.0000      0.0000      0.0000      0.0000      0.0000      1.0000      0.8426      0.2263
2014.0000      2.0000      1.0000      0.0000     12.0000      1.0000    -60.5514     -1.7889     92.0000     52.0000     20.1406      0.0000      0.0000      0.0000      0.0000      0.0000      0.0000      1.0000      0.8050      0.2213
2014.0000      2.0000      1.0000      0.0000     24.0000      1.0000    -60.5314     -1.7289     93.0000     49.0000     20.9844      0.0000      0.0000      0.0000      0.0000      0.0000      0.0000      1.0000      0.9164      0.2081
2014.0000      2.0000      1.0000      0.0000     24.0000      1.0000    -60.5114     -1.7289     94.0000     49.0000     21.5781      0.0000      0.0000      0.0000      0.0000      0.0000      0.0000      1.0000      1.0038      0.2150
2014.0000      2.0000      1.0000      0.0000     24.0000      1.0000    -60.4914     -1.7289     95.0000     49.0000     20.7031      0.0000      0.0000      0.0000      0.0000      0.0000      0.0000      1.0000      0.8776      0.1923
2014.0000      2.0000      1.0000      0.0000     24.0000      1.0000    -60.5514     -1.7489     92.0000     50.0000     21.9062      0.0000      0.0000      0.0000      0.0000      0.0000      0.0000      1.0000      1.0557      0.2369
2014.0000      2.0000      1.0000      0.0000     24.0000      1.0000    -60.5314     -1.7489     93.0000     50.0000     21.9531      0.0000      0.0000      0.0000      0.0000      0.0000      0.0000      1.0000      1.0633      0.2335
2014.0000      2.0000      1.0000      0.0000     24.0000      1.0000    -60.5114     -1.7489     94.0000     50.0000     20.6875      0.0000      0.0000      0.0000      0.0000      0.0000      0.0000      1.0000      0.8755      0.2014
2014.0000      2.0000      1.0000      0.0000     24.0000      1.0000    -60.5714     -1.7689     91.0000     51.0000     22.2188      0.0000      0.0000      0.0000      0.0000      0.0000      0.0000      1.0000      1.1075      0.2412
2014.0000      2.0000      1.0000      0.0000     24.0000      1.0000    -60.5514     -1.7689     92.0000     51.0000     23.0781      0.0000      0.0000      0.0000      0.0000      0.0000      0.0000      1.0000      1.2637      0.2666
2014.0000      2.0000      1.0000      0.0000     24.0000      1.0000    -60.5314     -1.7689     93.0000     51.0000     22.3750      0.0000      0.0000      0.0000      0.0000      0.0000      0.0000      1.0000      1.1344      0.2625
2014.0000      2.0000      1.0000      0.0000     24.0000      1.0000    -60.5714     -1.7889     91.0000     52.0000     22.0469      0.0000      0.0000      0.0000      0.0000      0.0000      0.0000      1.0000      1.0787      0.1878
2014.0000      2.0000      1.0000      0.0000     24.0000      1.0000    -60.5514     -1.7889     92.0000     52.0000     21.5625      0.0000      0.0000      0.0000      0.0000      0.0000      0.0000      1.0000      1.0014      0.2029
2014.0000      2.0000      1.0000      0.0000     24.0000      1.0000    -60.5314     -1.7889     93.0000     52.0000     22.1094      0.0000      0.0000      0.0000      0.0000      0.0000      0.0000      1.0000      1.0891      0.2752
2014.0000      2.0000      1.0000      0.0000     24.0000      1.0000    -60.5114     -1.7889     94.0000     52.0000     21.4062      0.0000      0.0000      0.0000      0.0000      0.0000      0.0000      1.0000      0.9777      0.2468
2014.0000      2.0000      1.0000      0.0000     24.0000      1.0000    -60.4914     -1.7889     95.0000     52.0000     20.4844      0.0000      0.0000      0.0000      0.0000      0.0000      0.0000      1.0000      0.8487      0.2265
2014.0000      2.0000      1.0000      0.0000     24.0000      1.0000    -60.4714     -1.7889     96.0000     52.0000     20.2031      0.0000      0.0000      0.0000      0.0000      0.0000      0.0000      1.0000      0.8128      0.2164
2014.0000      2.0000      1.0000      0.0000     24.0000      1.0000    -60.5514     -1.8089     92.0000     53.0000     21.3906      0.0000      0.0000      0.0000      0.0000      0.0000      0.0000      1.0000      0.9753      0.1989
2014.0000      2.0000      1.0000      0.0000     24.0000      1.0000    -60.5314     -1.8089     93.0000     53.0000     24.2188      0.0000      0.0000      0.0000      0.0000      0.0000      0.0000      2.0000      2.2163      0.3087
2014.0000      2.0000      1.0000      0.0000     24.0000      1.0000    -60.5114     -1.8089     94.0000     53.0000     24.5938      0.0000      0.0000      0.0000      0.0000      0.0000      0.0000      2.0000      2.3503      0.3166
